   1.0000000000000001E-009   2877147499498532.0     
   1.0200000000000000E-009   2737646795893616.0     
   1.0404000000000000E-009   2604909890915519.0     
   1.0612080000000001E-009   2478608836599235.5     
   1.0824321600000001E-009   2358431585788416.0     
   1.1040808032000001E-009   2244081221172459.2     
   1.1261624192640001E-009   2135275221704339.5     
   1.1486856676492801E-009   2031744764586719.5     
   1.1716593810022658E-009   1933234061101808.0     
   1.1950925686223112E-009   1839499724644015.0     
   1.2189944199947575E-009   1750310169394025.8     
   1.2433743083946527E-009   1665445038148629.0     
   1.2682417945625457E-009   1584694657892648.2     
   1.2936066304537966E-009   1507859521767890.0     
   1.3194787630628725E-009   1434749796159225.2     
   1.3458683383241301E-009   1365184851679976.8     
   1.3727857050906126E-009   1298992816897844.8     
   1.4002414191924248E-009   1236010153698768.0     
   1.4282462475762733E-009   1176081253239597.2     
   1.4568111725277987E-009   1119058051491313.2     
   1.4859473959783548E-009   1064799663422924.4     
   1.5156663438979220E-009   1013172034922242.1     
   1.5459796707758804E-009   964047611593541.62     
   1.5768992641913980E-009   917305023613822.62     
   1.6084372494752259E-009   872828785869057.62     
   1.6406059944647304E-009   830509012629562.25     
   1.6734181143540251E-009   790241146059550.75     
   1.7068864766411057E-009   751925697890113.00     
   1.7410242061739278E-009   715468003617375.38     
   1.7758446902974063E-009   680777988618552.75     
   1.8113615841033544E-009   647769945608043.12     
   1.8475888157854215E-009   616362322883733.50     
   1.8845405921011299E-009   586477522840347.50     
   1.9222314039431525E-009   558041710252026.19     
   1.9606760320220155E-009   530984629850476.75     
   1.9998895526624558E-009   505239432747982.62     
   2.0398873437157050E-009   480742511276428.81     
   2.0806850905900193E-009   457433341834283.31     
   2.1222987924018196E-009   435254335353262.50     
   2.1647447682498559E-009   414150695015235.56     
   2.2080396636148532E-009   394070280867834.12     
   2.2522004568871503E-009   374963481004277.75     
   2.2972444660248935E-009   356783088989143.81     
   2.3431893553453915E-009   339484187227243.75     
   2.3900531424522993E-009   323024035987448.75     
   2.4378542053013454E-009   307361967807279.62     
   2.4866112894073724E-009   292459287017372.00     
   2.5363435151955198E-009   278279174137574.75     
   2.5870703854994304E-009   264786594908476.09     
   2.6388117932094188E-009   251948213733607.41     
   2.6915880290736073E-009   239732311318466.72     
   2.7454197896550797E-009   228108706302878.09     
   2.8003281854481814E-009   217048680693066.62     
   2.8563347491571452E-009   206524908909215.03     
   2.9134614441402881E-009   196511390273205.44     
   2.9717306730230940E-009   186983384769743.91     
   3.0311652864835558E-009   177917351922156.34     
   3.0917885922132270E-009   169290892631838.28     
   3.1536243640574918E-009   161082693837663.81     
   3.2166968513386418E-009   153272475858625.16     
   3.2810307883654148E-009   145840942289604.94     
   3.3466514041327232E-009   138769732326490.44     
   3.4135844322153777E-009   132041375402841.08     
   3.4818561208596854E-009   125639248026031.98     
   3.5514932432768790E-009   119547532706230.39     
   3.6225231081424166E-009   113751178876731.67     
   3.6949735703052649E-009   108235865709103.47     
   3.7688730417113704E-009   102987966731265.55     
   3.8442505025455979E-009   97994516161089.562     
   3.9211355125965100E-009   93243176872339.844     
   3.9995582228484400E-009   88722209913810.172     
   4.0795493873054091E-009   84420445506348.656     
   4.1611403750515173E-009   80327255446114.078     
   4.2443631825525480E-009   76432526845881.406     
   4.3292504462035990E-009   72726637149520.500     
   4.4158354551276712E-009   69200430357916.695     
   4.5041521642302245E-009   65845194407596.117     
   4.5942352075148293E-009   62652639646165.500     
   4.6861199116651259E-009   59614878351386.992     
   4.7798423098984285E-009   56724405243286.180     
   4.8754391560963972E-009   53974078941145.578     
   4.9729479392183253E-009   51357104319570.047     
   5.0724068980026919E-009   48867015720031.844     
   5.1738550359627457E-009   46497660976416.820     
   5.2773321366820008E-009   44243186215104.242     
   5.3828787794156406E-009   42098021392026.477     
   5.4905363550039534E-009   40056866530975.344     
   5.6003470821040330E-009   38114678629154.781     
   5.7123540237461134E-009   36266659197627.867     
   5.8266011042210357E-009   34508242405874.707     
   5.9431331263054570E-009   32835083801170.707     
   6.0619957888315665E-009   31243049574914.289     
   6.1832357046081981E-009   29728206349385.012     
   6.3069004187003620E-009   28286811459698.551     
   6.4330384270743695E-009   26915303706948.527     
   6.5616991956158571E-009   25610294559689.383     
   6.6929331795281742E-009   24368559782022.078     
   6.8267918431187378E-009   23187031467598.484     
   6.9633276799811128E-009   22062790459863.180     
   7.1025942335807350E-009   20993059139805.660     
   7.2446461182523501E-009   19975194563403.875     
   7.3895390406173968E-009   19006681931804.129     
   7.5373298214297441E-009   18085128378104.277     
   7.6880764178583384E-009   17208257055389.500     
   7.8418379462155052E-009   16373901511414.256     
   7.9986747051398157E-009   15580000336032.035     
   8.1586481992426127E-009   14824592068148.607     
   8.3218211632274651E-009   14105810349615.564     
   8.4882575864920139E-009   13421879314091.020     
   8.6580227382218550E-009   12771109199474.955     
   8.8311831929862929E-009   12151892173079.016     
   9.0078068568460189E-009   11562698359216.129     
   9.1879629939829401E-009   11002072059395.488     
   9.3717222538625987E-009   10468628155784.299     
   9.5591566989398507E-009   9961048689050.4297     
   9.7503398329186472E-009   9478079602130.9844     
   9.9453466295770211E-009   9018527641881.7656     
   1.0144253562168562E-008   8581257410952.6338     
   1.0347138633411934E-008   8165188562604.9385     
   1.0554081406080172E-008   7769293131540.4082     
   1.0765163034201776E-008   7392592994146.8125     
   1.0980466294885811E-008   7034157451885.5957     
   1.1200075620783529E-008   6693100931850.7900     
   1.1424077133199200E-008   6368580798818.1074     
   1.1652558675863184E-008   6059795273378.5059     
   1.1885609849380449E-008   5765981451012.6416     
   1.2123322046368058E-008   5486413417212.0244     
   1.2365788487295419E-008   5220400453989.9688     
   1.2613104257041328E-008   4967285333351.2256     
   1.2865366342182155E-008   4726442693504.0654     
   1.3122673669025798E-008   4497277493802.9541     
   1.3385127142406314E-008   4279223544604.5146     
   1.3652829685254440E-008   4071742108404.5625     
   1.3925886278959530E-008   3874320568800.0737     
   1.4204404004538721E-008   3686471163987.5591     
   1.4488492084629495E-008   3507729781668.7402     
   1.4778261926322086E-008   3337654812386.1440     
   1.5073827164848527E-008   3175826058455.6084     
   1.5375303708145499E-008   3021843695800.0249     
   1.5682809782308408E-008   2875327286119.3745     
   1.5996465977954577E-008   2735914836956.4517     
   1.6316395297513668E-008   2603261907336.0283     
   1.6642723203463941E-008   2477040756767.7832     
   1.6975577667533219E-008   2356939535510.4834     
   1.7315089220883884E-008   2242661514096.8208     
   1.7661391005301560E-008   2133924350215.3369     
   1.8014618825407591E-008   2030459391138.1299     
   1.8374911201915743E-008   1932011009970.8977     
   1.8742409425954057E-008   1838335974085.4031     
   1.9117257614473137E-008   1749202844173.9749     
   1.9499602766762601E-008   1664391402441.3137     
   1.9889594822097853E-008   1583692108520.8577     
   2.0287386718539812E-008   1506905581771.4570     
   2.0693134452910610E-008   1433842108675.2969     
   2.1106997141968824E-008   1364321174120.0037     
   2.1529137084808202E-008   1298171015406.9033     
   2.1959719826504365E-008   1235228197883.5278     
   2.2398914223034452E-008   1175337211151.9060     
   2.2846892507495143E-008   1118350084855.0063     
   2.3303830357645048E-008   1064126023092.0679     
   2.3769906964797950E-008   1012531056559.5840     
   2.4245305104093908E-008   963437711558.49878     
   2.4730211206175788E-008   916724695049.83960     
   2.5224815430299305E-008   872276594980.67554     
   2.5729311738905292E-008   829983595139.99524     
   2.6243897973683398E-008   789741203840.01904     
   2.6768775933157068E-008   751449995752.60645     
   2.7304151451820208E-008   715015366262.92224     
   2.7850234480856614E-008   680347297733.45337     
   2.8407239170473746E-008   647360137100.89539     
   2.8975383953883221E-008   615972384256.42346     
   2.9554891632960885E-008   586106490686.50879     
   3.0145989465620103E-008   557688667876.78931     
   3.0748909254932506E-008   530648705005.62585     
   3.1363887440031157E-008   504919795476.92603     
   3.1991165188831783E-008   480438371863.65662     
   3.2630988492608421E-008   457143948854.24805     
   3.3283608262460593E-008   434978973813.86060     
   3.3949280427709808E-008   413888684591.30432     
   3.4628266036264005E-008   393820974220.29840     
   3.5320831356989287E-008   374726262180.79364     
   3.6027247984129073E-008   356557371902.28955     
   3.6747792943811655E-008   339269414206.49573     
   3.7482748802687892E-008   322819676401.36639     
   3.8232403778741651E-008   307167516752.49500     
   3.8997051854316486E-008   292274264071.14423     
   3.9776992891402813E-008   278103122170.82794     
   4.0572532749230869E-008   264619078956.38849     
   4.1383983404215484E-008   251788819920.96011     
   4.2211663072299797E-008   239580645837.09830     
   4.3055896333745796E-008   227964394438.71817     
   4.3917014260420710E-008   216911365900.34375     
   4.4795354545629123E-008   206394251929.55304     
   4.5691261636541709E-008   196387068297.43079     
   4.6605086869272545E-008   186865090640.33344     
   4.7537188606657998E-008   177804793374.35504     
   4.8487932378791157E-008   169183791571.57205     
   4.9457691026366980E-008   160980785654.46304     
   5.0446844846894323E-008   153175508771.86176     
   5.1455781743832214E-008   145748676726.42780     
   5.2484897378708861E-008   138681940329.92184     
   5.3534595326283036E-008   131957840068.57234     
   5.4605287232808700E-008   125559762966.52617     
   5.5697392977464876E-008   119471901540.80855     
   5.6811340837014176E-008   113679214746.38281     
   5.7947567653754463E-008   108167390814.81903     
   5.9106519006829551E-008   102922811894.75836     
   6.0288649386966144E-008   97932520406.811432     
   6.1494422374705462E-008   93184187029.765533     
   6.2724310822199568E-008   88666080239.004837     
   6.3978797038643560E-008   84367037321.883972     
   6.5258372979416429E-008   80276436798.443176     
   6.6563540439004761E-008   76384172179.326385     
   6.7894811247784854E-008   72680626996.066803     
   6.9252707472740550E-008   69156651042.048126     
   7.0637761622195364E-008   65803537765.441017     
   7.2050516854639269E-008   62613002758.260582     
   7.3491527191732061E-008   59577163288.398033     
   7.4961357735566697E-008   56688518824.057884     
   7.6460584890278028E-008   53939932502.482445     
   7.7989796588083593E-008   51324613497.179611     
   7.9549592519845266E-008   48836100240.089073     
   8.1140584370242176E-008   46468244457.234673     
   8.2763396057647016E-008   44215195978.420380     
   8.4418663978799952E-008   42071388283.439857     
   8.6107037258375946E-008   40031524749.089111     
   8.7829178003543465E-008   38090565563.003265     
   8.9585761563614332E-008   36243715271.986107     
   9.1377476794886626E-008   34486410934.068230     
   9.3205026330784360E-008   32814310845.021935     
   9.5069126857400045E-008   31223283811.479561     
   9.6970509394548047E-008   29709398944.152950     
   9.8909919582439006E-008   28268915945.936539     
   1.0088811797408779E-007   26898275870.899109     
   1.0290588033356955E-007   25594092331.333065     
   1.0496399794024094E-007   24353143131.136528     
   1.0706327789904577E-007   23172362304.857399     
   1.0920454345702669E-007   22048832542.730473     
   1.1138863432616722E-007   20979777982.992405     
   1.1361640701269056E-007   19962557353.666836     
   1.1588873515294438E-007   18994657446.875336     
   1.1820650985600326E-007   18073686909.551361     
   1.2057064005312333E-007   17197370335.216248     
   1.2298205285418581E-007   16363542642.219925     
   1.2544169391126953E-007   15570143724.556992     
   1.2795052778949494E-007   14815213362.042048     
   1.3050953834528484E-007   14096886377.269091     
   1.3311972911219053E-007   13413388027.389442     
   1.3578212369443434E-007   12763029619.322866     
   1.3849776616832302E-007   12144204337.568542     
   1.4126772149168948E-007   11555383274.307804     
   1.4409307592152327E-007   10995111651.990427     
   1.4697493743995374E-007   10462005229.071678     
   1.4991443618875282E-007   9954746880.0199909     
   1.5291272491252788E-007   9472083341.1455727     
   1.5597097941077844E-007   9012822114.2100315     
   1.5909039899899401E-007   8575828520.1668367     
   1.6227220697897388E-007   8160022895.7534552     
   1.6551765111855337E-007   7764377926.0088577     
   1.6882800414092444E-007   7387916106.1259680     
   1.7220456422374294E-007   7029707326.3681335     
   1.7564865550821779E-007   6688866574.0827847     
   1.7916162861838215E-007   6364551747.1347075     
   1.8274486119074979E-007   6055961573.3567066     
   1.8639975841456479E-007   5762333630.8772726     
   1.9012775358285610E-007   5482942464.4342022     
   1.9393030865451323E-007   5217097793.0201845     
   1.9780891482760349E-007   4964142804.4320698     
   2.0176509312415558E-007   4723452532.5102243     
   2.0580039498663870E-007   4494432313.0586834     
   2.0991640288637147E-007   4276516314.6311998     
   2.1411473094409891E-007   4069166140.5532498     
   2.1839702556298090E-007   3871869498.7260852     
   2.2276496607424054E-007   3684138935.9263511     
   2.2722026539572535E-007   3505510633.4741569     
   2.3176467070363986E-007   3335543261.2941089     
   2.3639996411771265E-007   3173816887.5380650     
   2.4112796340006691E-007   3019931941.0756755     
   2.4595052266806827E-007   2873508224.2893629     
   2.5086953312142966E-007   2734183973.7346907     
   2.5588692378385827E-007   2601614966.3453379     
   2.6100466225953544E-007   2475473668.9744129     
   2.6622475550472613E-007   2355448429.1709051     
   2.7154925061482066E-007   2241242705.1919613     
   2.7698023562711708E-007   2132574333.3486128     
   2.8251984033965944E-007   2029174830.8748014     
   2.8817023714645261E-007   1930788732.5973372     
   2.9393364188938164E-007   1837172959.7679226     
   2.9981231472716927E-007   1748096219.4978385     
   3.0580856102171266E-007   1663338433.3115039     
   3.1192473224214694E-007   1582690193.4070506     
   3.1816322688698986E-007   1505952245.2805238     
   3.2452649142472967E-007   1432934995.4354413     
   3.3101702125322426E-007   1363458042.9614398     
   3.3763736167828874E-007   1297349733.8246803     
   3.4439010891185452E-007   1234446736.7688329     
   3.5127791109009164E-007   1174593639.7788243     
   3.5830346931189348E-007   1117642566.1103504     
   3.6546953869813135E-007   1063452808.9364921     
   3.7277892947209398E-007   1011890483.7087717     
   3.8023450806153589E-007   962828197.37374818     
   3.8783919822276661E-007   916144733.62790191     
   3.9559598218722192E-007   871724753.43317568     
   4.0350790183096637E-007   829458510.05324948     
   4.1157805986758571E-007   789241577.90650284     
   4.1980962106493741E-007   750974594.56574547     
   4.2820581348623619E-007   714563015.26729167     
   4.3676992975596094E-007   679916879.32284939     
   4.4550532835108014E-007   646950587.85710824     
   4.5441543491810173E-007   615582692.32189119     
   4.6350374361646376E-007   585735693.26435924     
   4.7277381848879306E-007   557335848.85209548     
   4.8222929485856898E-007   530312992.68199563     
   4.9187388075574039E-007   504600360.42283553     
   5.0171135837085518E-007   480134424.86320609     
   5.1174558553827227E-007   456854738.95727557     
   5.2198049724903777E-007   434703786.48059893     
   5.3242010719401858E-007   413626839.92699516     
   5.4306850933789896E-007   393571825.29540217     
   5.5392987952465694E-007   374489193.43264592     
   5.6500847711515014E-007   356331797.61425376     
   5.7630864665745312E-007   339054777.06085598     
   5.8783481959060219E-007   322615446.10238355     
   5.9959151598241420E-007   306973188.71622574     
   6.1158334630206247E-007   292089358.17878467     
   6.2381501322810375E-007   277927181.58250278     
   6.3629131349266580E-007   264451668.98245427     
   6.4901713976251915E-007   251629526.94803408     
   6.6199748255776955E-007   239429076.30616000     
   6.7523743220892497E-007   227820173.87275812     
   6.8874218085310351E-007   216774137.97915739     
   7.0251702447016562E-007   206263677.60939443     
   7.1656736495956893E-007   196262824.97335008     
   7.3089871225876036E-007   186746871.34912923     
   7.4551668650393555E-007   177692306.03617224     
   7.6042702023401427E-007   169076758.26827133     
   7.7563556063869457E-007   160878941.94297925     
   7.9114827185146845E-007   153078603.03085473     
   8.0697123728849785E-007   145656469.53461096     
   8.2311066203426781E-007   138594203.87453344     
   8.3957287527495319E-007   131874357.58252704     
   8.5636433278045231E-007   125480328.19285709     
   8.7349161943606142E-007   119396318.22307611     
   8.9096145182478272E-007   113607296.14379142     
   9.0878068086127834E-007   108098959.24084386     
   9.2695629447850388E-007   102857698.27814199     
   9.4549542036807393E-007   97870563.873846099     
   9.6440532877543546E-007   93125234.506828547     
   9.8369343535094418E-007   88609986.074365586     
   1.0033673040579631E-006   84313662.925847709     
   1.0234346501391223E-006   80225650.300942808     
   1.0439033431419047E-006   76335848.104116216     
   1.0647814100047428E-006   72634645.950713128     
   1.0860770382048378E-006   69112899.422950968     
   1.1077985789689345E-006   65761907.477158166     
   1.1299545505483131E-006   62573390.946440175     
   1.1525536415592794E-006   59539472.085660413     
   1.1756047143904650E-006   56652655.108198322     
   1.1991168086782744E-006   53905807.666397773     
   1.2230991448518399E-006   51292143.229950048     
   1.2475611277488767E-006   48805204.318674445     
   1.2725123503038542E-006   46438846.548270442     
   1.2979625973099313E-006   44187223.449623734     
   1.3239218492561299E-006   42044772.024159953     
   1.3504002862412526E-006   40006198.999558009     
   1.3774082919660775E-006   38066467.751865849     
   1.4049564578053992E-006   36220785.861707374     
   1.4330555869615073E-006   34464593.273836270     
   1.4617166987007374E-006   32793551.030782890     
   1.4909510326747522E-006   31203530.552758973     
   1.5207700533282473E-006   29690603.437334377     
   1.5511854543948123E-006   28251031.753684301     
   1.5822091634827086E-006   26881258.807427388     
   1.6138533467523627E-006   25577900.353237748     
   1.6461304136874099E-006   24337736.233520210     
   1.6790530219611580E-006   23157702.422490820     
   1.7126340824003811E-006   22034883.456006199     
   1.7468867640483889E-006   20966505.228438448     
   1.7818244993293568E-006   19949928.138799101     
   1.8174609893159439E-006   18982640.569178473     
   1.8538102091022629E-006   18062252.679387912     
   1.8908864132843082E-006   17186490.502473596     
   1.9287041415499945E-006   16353190.326513842     
   1.9672782243809946E-006   15560293.348819295     
   2.0066237888686144E-006   14805840.589328332     
   2.0467562646459865E-006   14087968.050630359     
   2.0876913899389063E-006   13404902.112659134     
   2.1294452177376843E-006   12754955.150677901     
   2.1720341220924380E-006   12136521.365729839     
   2.2154748045342867E-006   11548072.817252394     
   2.2597843006249724E-006   10988155.648053283     
   2.3049799866374719E-006   10455386.492321452     
   2.3510795863702213E-006   9948449.0577984061     
   2.3981011780976258E-006   9466090.8736655321     
   2.4460632016595782E-006   9007120.1961126514     
   2.4949844656927697E-006   8570403.0639424119     
   2.5448841550066253E-006   8154860.4969359981     
   2.5957818381067577E-006   7759465.8300581994     
   2.6476974748688928E-006   7383242.1769156018     
   2.7006514243662708E-006   7025260.0162009541     
   2.7546644528535965E-006   6684634.8951606397     
   2.8097577419106685E-006   6360525.2444112711     
   2.8659528967488821E-006   6052130.2987065883     
   2.9232719546838598E-006   5758688.1185175795     
   2.9817373937775371E-006   5479473.7075377824     
   3.0413721416530877E-006   5213797.2214628104     
   3.1021995844861494E-006   4961002.2636185596     
   3.1642435761758722E-006   4720464.2632272020     
   3.2275284476993896E-006   4491588.9323041840     
   3.2920790166533774E-006   4273810.7973737707     
   3.3579205969864451E-006   4066591.8023754796     
   3.4250790089261739E-006   3869419.9793096688     
   3.4935805891046976E-006   3681808.1833378929     
   3.5634522008867915E-006   3503292.8892128975     
   3.6347212449045275E-006   3333433.0460646111     
   3.7074156698026182E-006   3171808.9877127390     
   3.7815639831986706E-006   3018021.3958136635     
   3.8571952628626438E-006   2871690.3132799803     
   3.9343391681198970E-006   2732454.2055351376     
   4.0130259514822948E-006   2599969.0672838655     
   4.0932864705119405E-006   2473907.5725915236     
   4.1751521999221794E-006   2353958.2661725096     
   4.2586552439206231E-006   2239824.7938896632     
   4.3438283487990356E-006   2131225.1705635027     
   4.4307049157750164E-006   2027891.0832822849     
   4.5193190140905171E-006   1929567.2284916206     
   4.6097053943723277E-006   1836010.6812258004     
   4.7018995022597739E-006   1746990.2949224280     
   4.7959374923049693E-006   1662286.1303374993     
   4.8918562421510692E-006   1581688.9121499737     
   4.9896933669940903E-006   1504999.5119132900     
   5.0894872343339726E-006   1432028.4560763703     
   5.1912769790206526E-006   1362595.4578586093     
   5.2951025186010660E-006   1296528.9718222588     
   5.4010045689730876E-006   1233665.7700417142     
   5.5090246603525497E-006   1173850.5388225582     
   5.6192051535596007E-006   1116935.4949739899     
   5.7315892566307925E-006   1062780.0206865806     
   5.8462210417634084E-006   1011250.3161132602     
   5.9631454625986766E-006   962219.06879518495     
   6.0824083718506502E-006   915565.13911573973     
   6.2040565392876630E-006   871173.26100554888     
   6.3281376700734167E-006   828933.75715903216     
   6.4547004234748854E-006   788742.26805890526     
   6.5837944319443835E-006   750499.49413913465     
   6.7154703205832714E-006   714110.95044931991     
   6.8497797269949372E-006   679486.73321436078     
   6.9867753215348364E-006   646541.29771265958     
   7.1265108279655336E-006   615193.24692406692     
   7.2690410445248441E-006   585365.13042539649     
   7.4144218654153415E-006   556983.25303664256     
   7.5627103027236481E-006   529977.49274513533     
   7.7139645087781215E-006   504281.12745777966     
   7.8682437989536847E-006   479830.67015334789     
   8.0256086749327592E-006   456565.71202753828     
   8.1861208484314147E-006   434428.77324326581     
   8.3498432654000424E-006   413365.16091743996     
   8.5168401307080433E-006   393322.83399336215     
   8.6871769333222042E-006   374252.27466488932     
   8.8609204719886488E-006   356106.36603469489     
   9.0381388814284223E-006   338840.27570436301     
   9.2189016590569902E-006   322411.34500870662     
   9.4032796922381296E-006   306778.98362064385     
   9.5913452860828916E-006   291904.56926623901     
   9.7831721918045494E-006   277751.35230213555     
   9.9788356356406414E-006   264284.36491962610     
   1.0178412348353455E-005   251470.33475103296     
   1.0381980595320524E-005   239277.60266494864     
   1.0589620207226935E-005   227676.04454723795     
   1.0801412611371474E-005   216636.99687454832     
   1.1017440863598903E-005   206133.18589644483     
   1.1237789680870881E-005   196138.66025120451     
   1.1462545474488300E-005   186628.72684878498     
   1.1691796383978066E-005   177579.88986255712     
   1.1925632311657627E-005   168969.79267906962     
   1.2164144957890779E-005   160777.16266242450     
   1.2407427857048595E-005   152981.75859679369     
   1.2655576414189567E-005   145564.32067722580     
   1.2908687942473359E-005   138506.52292518702     
   1.3166861701322825E-005   131790.92791127073     
   1.3430198935349281E-005   125400.94367321151     
   1.3698802914056268E-005   119320.78272276229     
   1.3972778972337393E-005   113535.42304015445     
   1.4252234551784142E-005   108030.57095977136     
   1.4537279242819824E-005   102792.62585533872     
   1.4828024827676222E-005   97808.646537380177     
   1.5124585324229746E-005   93066.319279918651     
   1.5427077030714340E-005   88553.927397426960     
   1.5735618571328627E-005   84260.322296863684     
   1.6050330942755199E-005   80174.895933273277     
   1.6371337561610303E-005   76287.554600897376     
   1.6698764312842510E-005   72588.693995044319     
   1.7032739599099360E-005   69069.175483103041     
   1.7373394391081348E-005   65720.303526074858     
   1.7720862278902977E-005   62533.804194839977     
   1.8075279524481038E-005   59501.804728078961     
   1.8436785114970660E-005   56616.814081344259     
   1.8805520817270072E-005   53871.704419224799     
   1.9181631233615476E-005   51259.693504877214     
   1.9565263858287785E-005   48774.327943414311     
   1.9956569135453541E-005   46409.467237750403     
   2.0355700518162613E-005   44159.268617511458     
   2.0762814528525864E-005   42018.172603527106     
   2.1178070819096382E-005   39980.889272239248     
   2.1601632235478311E-005   38042.385186091509     
   2.2033664880187877E-005   36197.870957608611     
   2.2474338177791636E-005   34442.789416441010     
   2.2923824941347469E-005   32772.804350139420     
   2.3382301440174418E-005   31183.789790841514     
   2.3849947468977906E-005   29671.819821401845     
   2.4326946418357465E-005   28233.158875779376     
   2.4813485346724613E-005   26864.252509718168     
   2.5309755053659107E-005   25561.718618918680     
   2.5815950154732291E-005   24322.339083002782     
   2.6332269157826938E-005   23143.051814627543     
   2.6858914540983477E-005   22020.943194103816     
   2.7396092831803147E-005   20953.240870828140     
   2.7944014688439212E-005   19937.306913742763     
   2.8502894982207996E-005   18970.631293900875     
   2.9072952881852157E-005   18050.825683034593     
   2.9654411939489201E-005   17175.617552804248     
   3.0247500178278986E-005   16342.844560149970     
   3.0852450181844570E-005   15550.449204873925     
   3.1469499185481464E-005   14796.473746253700     
   3.2098889169191093E-005   14079.055366127610     
   3.2740866952574917E-005   13396.421566501518     
   3.3395684291626416E-005   12746.885790306253     
   3.4063597977458947E-005   12128.843254485904     
   3.4744869937008130E-005   11540.766985122085     
   3.5439767335748291E-005   10981.204044798194     
   3.6148562682463259E-005   10448.771942882840     
   3.6871533936112527E-005   9942.1552198634163     
   3.7608964614834776E-005   9460.1021972908929     
   3.8361143907131472E-005   9001.4218853060138     
   3.9128366785274105E-005   8564.9810401064715     
   3.9910934120979585E-005   8149.7013640850391     
   4.0709152803399178E-005   7754.5568417211471     
   4.1523335859467166E-005   7378.5712046438084     
   4.2353802576656507E-005   7020.8155196029165     
   4.3200878628189641E-005   6680.4058933895794     
   4.4064896200753437E-005   6356.5012890351936     
   4.4946194124768506E-005   6048.3014478937430     
   4.5845118007263879E-005   5755.0449124735469     
   4.6762020367409159E-005   5476.0071451335380     
   4.7697260774757346E-005   5210.4987379959730     
   4.8651205990252496E-005   4957.8637096529146     
   4.9624230110057546E-005   4717.4778844581997     
   5.0616714712258700E-005   4488.7473504006803     
   5.1629049006503875E-005   4271.1069917486684     
   5.2661629986633955E-005   4064.0190928402285     
   5.3714862586366634E-005   3866.9720095697876     
   5.4789159838093966E-005   3679.4789052887154     
   5.5884943034855848E-005   3501.0765479967490     
   5.7002641895552967E-005   3331.3241658525085     
   5.8142694733464028E-005   3169.8023581754646     
   5.9305548628133309E-005   3016.1120592488114     
   6.0491659600695976E-005   2869.8735523631485     
   6.1701492792709902E-005   2730.7255316650153     
   6.2935522648564096E-005   2598.3242094924208     
   6.4194233101535377E-005   2472.3424669918863     
   6.5478117763566082E-005   2352.4690459184803     
   6.6787680118837411E-005   2238.4077796220481     
   6.8123433721214161E-005   2129.8768613196598     
   6.9485902395638441E-005   2026.6081478464334     
   7.0875620443551206E-005   1928.3464971645308     
   7.2293132852422227E-005   1834.8491379935415     
   7.3738995509470666E-005   1745.8850700048179     
   7.5213775419660081E-005   1661.2344930978495     
   7.6718050928053285E-005   1580.6882643486113     
   7.8252411946614348E-005   1504.0473812881846     
   7.9817460185546636E-005   1431.1224902350134     
   8.1413809389257577E-005   1361.7334184660469     
   8.3042085577042735E-005   1295.7087290709246     
   8.4702927288583596E-005   1232.8852973893959     
   8.6396985834355275E-005   1173.1079079854967     
   8.8124925551042382E-005   1116.2288711627436     
   8.9887424062063231E-005   1062.1076580728811     
   9.1685172543304501E-005   1010.6105535166629     
   9.3518875994170588E-005   961.61032557885267     
   9.5389253514054006E-005   914.98591128122496     
   9.7297038584335082E-005   870.62211747692265     
   9.9242979356021786E-005   828.40933624717968     
   1.0122783894314222E-004   788.24327409725322     
   1.0325239572200507E-004   750.02469428249719     
   1.0531744363644517E-004   713.65917162795563     
   1.0742379250917408E-004   679.05685923571514     
   1.0957226835935756E-004   646.13226650362958     
   1.1176371372654471E-004   614.80404790697924     
   1.1399898800107561E-004   584.99480202121117     
   1.1627896776109712E-004   556.63088028921743     
   1.1860454711631906E-004   529.64220506067795     
   1.2097663805864544E-004   503.96209645390616     
   1.2339617081981837E-004   479.52710761242940     
   1.2586409423621475E-004   456.27686794928240     
   1.2838137612093906E-004   434.15393399171961     
   1.3094900364335783E-004   413.10364745783727     
   1.3356798371622498E-004   393.07400021445818     
   1.3623934339054947E-004   374.01550578263880     
   1.3896413025836046E-004   355.88107707332830     
   1.4174341286352768E-004   338.62591005110988     
   1.4457828112079824E-004   322.20737303859369     
   1.4746984674321421E-004   306.58490138797094     
   1.5041924367807850E-004   291.71989725949982     
   1.5342762855164008E-004   277.57563425930698     
   1.5649618112267288E-004   264.11716670089942     
   1.5962610474512634E-004   251.31124326620085     
   1.6281862684002887E-004   239.12622485279942     
   1.6607499937682944E-004   227.53200640443447     
   1.6939649936436604E-004   216.49994253159190     
   1.7278442935165337E-004   206.00277673844252     
   1.7624011793868644E-004   196.01457408126620     
   1.7976492029746018E-004   186.51065709198406     
   1.8336021870340939E-004   177.46754480848728     
   1.8702742307747758E-004   168.86289476112751     
   1.9076797153902712E-004   160.67544777203642     
   1.9458333096980768E-004   152.88497543089264     
   1.9847499758920384E-004   145.47223011736693     
   2.0244449754098793E-004   138.41889744676655     
   2.0649338749180769E-004   131.70755102138992     
   2.1062325524164385E-004   125.32160937579590     
   2.1483572034647672E-004   119.24529500961511     
   2.1913243475340626E-004   113.46359540668668     
   2.2351508344847440E-004   107.96222594421205     
   2.2798538511744390E-004   102.72759460028699     
   2.3254509281979278E-004   97.746768372615861     
   2.3719599467618863E-004   93.007441325440354     
   2.4193991456971240E-004   88.497904185737468     
   2.4677871286110664E-004   84.207015413568982     
   2.5171428711832878E-004   80.124173675107400     
   2.5674857286069535E-004   76.239291650328283     
   2.6188354431790924E-004   72.542771110656645     
   2.6712121520426743E-004   69.025479204992834     
   2.7246363950835276E-004   65.678725895528757     
   2.7791291229851983E-004   62.494242487605575     
   2.8347117054449024E-004   59.464161200568050     
   2.8914059395538006E-004   56.580995729141478     
   2.9492340583448765E-004   53.837622747305225     
   3.0082187395117743E-004   51.227264308965097     
   3.0683831143020100E-004   48.743471101942781     
   3.1297507765880501E-004   46.380106513908245     
   3.1923457921198111E-004   44.131331470887723     
   3.2561927079622076E-004   41.991590010888302     
   3.3213165621214516E-004   39.955595556996350     
   3.3877428933638809E-004   38.018317856035246     
   3.4554977512311587E-004   36.174970550512441     
   3.5246077062557819E-004   34.420999353150052     
   3.5950998603808976E-004   32.752070794782526     
   3.6670018575885157E-004   31.164061517821036     
   3.7403418947402862E-004   29.653048088832538     
   3.8151487326350920E-004   28.215297305063693     
   3.8914517072877940E-004   26.847256970960444     
   3.9692807414335498E-004   25.545547121895090     
   4.0486663562622210E-004   24.306951673417721     
   4.1296396833874656E-004   23.128410475400067     
   4.2122324770552149E-004   22.007011751440317     
   4.2964771265963195E-004   20.939984904849140     
   4.3824066691282461E-004   19.924693673443056     
   4.4700548025108114E-004   18.958629616232848     
   4.5594558985610279E-004   18.039405915914923     
   4.6506450165322488E-004   17.164751481853603     
   4.7436579168628936E-004   16.332505338984852     
   4.8385310752001515E-004   15.540611288778335     
   4.9353016967041547E-004   14.787112829066780     
   5.0340077306382377E-004   14.070148320191361     
   5.1346878852510025E-004   13.387946385520184     
   5.2373816429560223E-004   12.738821534976205     
   5.3421292758151426E-004   12.121170000761721     
   5.4489718613314451E-004   11.533465774990958     
   5.5579512985580741E-004   10.974256839441114     
   5.6691103245292362E-004   10.442161578106774     
   5.7824925310198205E-004   9.9358653636944059     
   5.8981423816402174E-004   9.4541173096232551     
   6.0161052292730219E-004   8.9957271795080143     
   6.1364273338584822E-004   8.5595624464875613     
   6.2591558805356515E-004   8.1445454951344054     
   6.3843389981463642E-004   7.7496509590317100     
   6.5120257781092913E-004   7.3739031874399279     
   6.6422662936714777E-004   7.0163738347940514     
   6.7751116195449072E-004   6.6761795670759394     
   6.9106138519358057E-004   6.3524798793949326     
   7.0488261289745218E-004   6.0444750193847572     
   7.1898026515540125E-004   5.7514040112861169     
   7.3335987045850925E-004   5.4725427758331575     
   7.4802706786767943E-004   5.2072023412986779     
   7.6298760922503307E-004   4.9547271412781901     
   7.7824736140953373E-004   4.7144933950072199     
   7.9381230863772440E-004   4.4859075662101677     
   8.0968855481047895E-004   4.2684048966730614     
   8.2588232590668858E-004   4.0614480109171698     
   8.4239997242482238E-004   3.8645255885260732     
   8.5924797187331885E-004   3.6771511008459821     
   8.7643293131078523E-004   3.4988616089381059     
   8.9396158993700092E-004   3.3292166198132285     
   9.1184082173574100E-004   3.1677969981226215     
   9.3007763817045579E-004   3.0142039306164645     
   9.4867919093386487E-004   2.8680579408112874     
   9.6765277475254223E-004   2.7289979514320226     
   9.8700583024759312E-004   2.5966803923122703     
   1.0067459468525450E-003   2.4707783515487050     
   1.0268808657895960E-003   2.3509807678124113     
   1.0474184831053880E-003   2.2369916618216266     
   1.0683668527674958E-003   2.1285294050771113     
   1.0897341898228458E-003   2.0253260240534527     
   1.1115288736193026E-003   1.9271265381271845     
   1.1337594510916888E-003   1.8336883296059643     
   1.1564346401135225E-003   1.7447805443023809     
   1.1795633329157930E-003   1.6601835211713891     
   1.2031545995741090E-003   1.5796882496022173     
   1.2272176915655913E-003   1.5030958530238914     
   1.2517620453969033E-003   1.4302170975485422     
   1.2767972863048413E-003   1.3608719244385163     
   1.3023332320309380E-003   1.2948890052421813     
   1.3283798966715569E-003   1.2321053184993083     
   1.3549474946049881E-003   1.1723657469702256     
   1.3820464444970878E-003   1.1155226943936178     
   1.4096873733870296E-003   1.0614357208261225     
   1.4378811208547702E-003   1.0099711956627639     
   1.4666387432718656E-003  0.96100196748095845     
   1.4959715181373030E-003  0.91440704989238519     
   1.5258909485000491E-003  0.87007132262657172     
   1.5564087674700502E-003  0.82788524710766886     
   1.5875369428194513E-003  0.78774459582170608     
   1.6192876816758404E-003  0.74955019480568141     
   1.6516734353093573E-003  0.71320767862226708     
   1.6847069040155445E-003  0.67862725721475259     
   1.7184010420958555E-003  0.64572349406620588     
   1.7527690629377726E-003  0.61441509511475800     
   1.7878244441965280E-003  0.58462470790349064     
   1.8235809330804586E-003  0.55627873046869780     
   1.8600525517420679E-003  0.52930712949434433     
   1.8972536027769093E-003  0.50364326728344633     
   1.9351986748324475E-003  0.47922373711887684     
   1.9739026483290966E-003  0.45598820660682859     
   2.0133807012956786E-003  0.43387926861589010     
   2.0536483153215921E-003  0.41284229944345363     
   2.0947212816280242E-003  0.39282532385903474     
   2.1366157072605849E-003  0.37377888669107029     
   2.1793480214057966E-003  0.35565593063992762     
   2.2229349818339125E-003  0.33841168001524508     
   2.2673936814705908E-003  0.32200353011035604     
   2.3127415551000025E-003  0.30639094194047911     
   2.3589963862020026E-003  0.29153534208460807     
   2.4061763139260426E-003  0.27740002738364422     
   2.4542998402045635E-003  0.26395007425931316     
   2.5033858370086550E-003  0.25115225242982336     
   2.5534535537488283E-003  0.23897494280908727     
   2.6045226248238048E-003  0.22738805938666182     
   2.6566130773202812E-003  0.21636297489539924     
   2.7097453388666868E-003  0.20587245008316013     
   2.7639402456440206E-003  0.19589056641384023     
   2.8192190505569011E-003  0.18639266203144086     
   2.8756034315680391E-003  0.17735527082896985     
   2.9331155001994002E-003  0.16875606447163355     
   2.9917778102033880E-003  0.16057379723107928     
   3.0516133664074559E-003  0.15278825349439110     
   3.1126456337356050E-003  0.14538019781815312     
   3.1748985464103174E-003  0.13833132740417914     
   3.2383965173385237E-003  0.13162422687949332     
   3.3031644476852941E-003  0.12524232526883802     
   3.3692277366390000E-003  0.11916985505340279     
   3.4366122913717799E-003  0.11339181321462215     
   3.5053445371992157E-003  0.10789392416679469     
   3.5754514279432003E-003  0.10266260448694277     
   3.6469604565020643E-003   9.7684929354771757E-002
   3.7198996656321055E-003   9.2948600619813831E-002
   3.7942976589447476E-003   8.8441916416860597E-002
   3.8701836121236427E-003   8.4153742254614944E-002
   3.9475872843661155E-003   8.0073483506131693E-002
   4.0265390300534380E-003   7.6191059233080324E-002
   4.1070698106545067E-003   7.2496877279158572E-002
   4.1892112068675968E-003   6.8981810571120614E-002
   4.2729954310049487E-003   6.5637174568868514E-002
   4.3584553396250475E-003   6.2454705808892938E-002
   4.4456244464175483E-003   5.9426541488051841E-002
   4.5345369353458993E-003   5.6545200037245127E-002
   4.6252276740528170E-003   5.3803562636989738E-002
   4.7177322275338733E-003   5.1194855629226155E-002
   4.8120868720845505E-003   4.8712633781902055E-002
   4.9083286095262420E-003   4.6350764364985329E-002
   5.0064951817167672E-003   4.4103411998564018E-002
   5.1066250853511030E-003   4.1965024235597552E-002
   5.2087575870581248E-003   3.9930317843699471E-002
   5.3129327387992876E-003   3.7994265752058380E-002
   5.4191913935752734E-003   3.6152084631247534E-002
   5.5275752214467792E-003   3.4399223075236740E-002
   5.6381267258757148E-003   3.2731350356408666E-002
   5.7508892603932290E-003   3.1144345725796614E-002
   5.8659070456010933E-003   2.9634288232108629E-002
   5.9832251865131149E-003   2.8197447034383944E-002
   6.1028896902433774E-003   2.6830272184347741E-002
   6.2249474840482448E-003   2.5529385855690524E-002
   6.3494464337292096E-003   2.4291573998602572E-002
   6.4764353624037936E-003   2.3113778398944722E-002
   6.6059640696518700E-003   2.1993089122436332E-002
   6.7380833510449073E-003   2.0926737325192624E-002
   6.8728450180658056E-003   1.9912088412848552E-002
   7.0103019184271217E-003   1.8946635531367908E-002
   7.1505079567956639E-003   1.8027993373455457E-002
   7.2935181159315774E-003   1.7153892285269971E-002
   7.4393884782502093E-003   1.6322172658877789E-002
   7.5881762478152140E-003   1.5530779596592572E-002
   7.7399397727715182E-003   1.4777757834018647E-002
   7.8947385682269482E-003   1.4061246909254456E-002
   8.0526333395914869E-003   1.3379476566320927E-002
   8.2136860063833170E-003   1.2730762381458115E-002
   8.3779597265109841E-003   1.2113501601484214E-002
   8.5455189210412036E-003   1.1526169183934936E-002
   8.7164292994620276E-003   1.0967314029199740E-002
   8.8907578854512687E-003   1.0435555395345861E-002
   9.0685730431602947E-003   9.9295794867723282E-003
   9.2499445040235013E-003   9.4481362082657078E-003
   9.4349433941039711E-003   8.9900360764379600E-003
   9.6236422619860509E-003   8.5541472809155649E-003
   9.8161151072257719E-003   8.1393928880192003E-003
   1.0012437409370287E-002   7.7447481800251078E-003
   1.0212686157557693E-002   7.3692381234344365E-003
   1.0416939880708846E-002   7.0119349599954894E-003
   1.0625278678323023E-002   6.6719559145270975E-003
   1.0837784251889483E-002   6.3484610138799325E-003
   1.1054539936927272E-002   6.0406510116471695E-003
   1.1275630735665818E-002   5.7477654134971239E-003
   1.1501143350379136E-002   5.4690805982491710E-003
   1.1731166217386719E-002   5.2039080300507251E-003
   1.1965789541734453E-002   4.9515925572381986E-003
   1.2205105332569143E-002   4.7115107936789805E-003
   1.2449207439220527E-002   4.4830695785953133E-003
   1.2698191588004937E-002   4.2657045110647655E-003
   1.2952155419765037E-002   4.0588785555765883E-003
   1.3211198528160337E-002   3.8620807151987383E-003
   1.3475422498723544E-002   3.6748247690774121E-003
   1.3744930948698015E-002   3.4966480711498904E-003
   1.4019829567671975E-002   3.3271104071027039E-003
   1.4300226159025414E-002   3.1657929067510663E-003
   1.4586230682205922E-002   3.0122970091524194E-003
   1.4877955295850041E-002   2.8662434778972470E-003
   1.5175514401767043E-002   2.7272714641442641E-003
   1.5479024689802383E-002   2.5950376150850668E-003
   1.5788605183598432E-002   2.4692152256355548E-003
   1.6104377287270401E-002   2.3494934312582516E-003
   1.6426464833015811E-002   2.2355764399212474E-003
   1.6754994129676126E-002   2.1271828012962052E-003
   1.7090094012269651E-002   2.0240447113898581E-003
   1.7431895892515044E-002   1.9259073508909931E-003
   1.7780533810365345E-002   1.8325282555981719E-003
   1.8136144486572654E-002   1.7436767173727617E-003
   1.8498867376304108E-002   1.6591332141372101E-003
   1.8868844723830189E-002   1.5786888675102932E-003
   1.9246221618306792E-002   1.5021449267393319E-003
   1.9631146050672930E-002   1.4293122776543555E-003
   2.0023768971686388E-002   1.3600109754309966E-003
   2.0424244351120117E-002   1.2940698000077342E-003
   2.0832729238142521E-002   1.2313258330590748E-003
   2.1249383822905372E-002   1.1716240554795138E-003
   2.1674371499363479E-002   1.1148169643837931E-003
   2.2107858929350750E-002   1.0607642086771973E-003
   2.2550016107937765E-002   1.0093322422955037E-003
   2.3001016430096520E-002   9.6039399425785826E-004
   2.3461036758698452E-002   9.1382855471738996E-004
   2.3930257493872422E-002   8.6952087623390622E-004
   2.4408862643749869E-002   8.2736148953060538E-004
   2.4897039896624867E-002   7.8724623303254673E-004
   2.5394980694557364E-002   7.4907599551865436E-004
   2.5902880308448513E-002   7.1275647125143506E-004
   2.6420937914617484E-002   6.7819792697942157E-004
   2.6949356672909836E-002   6.4531498023667874E-004
   2.7488343806368033E-002   6.1402638839163086E-004
   2.8038110682495395E-002   5.8425484792401559E-004
   2.8598872896145305E-002   5.5592680343405116E-004
   2.9170850354068210E-002   5.2897226591193966E-004
   2.9754267361149576E-002   5.0332463981871221E-004
   3.0349352708372569E-002   4.7892055855119296E-004
   3.0956339762540020E-002   4.5569972788457065E-004
   3.1575466557790824E-002   4.3360477700577594E-004
   3.2206975888946644E-002   4.1258111676962123E-004
   3.2851115406725577E-002   3.9257680482749941E-004
   3.3508137714860088E-002   3.7354241729542069E-004
   3.4178300469157291E-002   3.5543092664432437E-004
   3.4861866478540435E-002   3.3819758551097178E-004
   3.5559103808111246E-002   3.2179981614235655E-004
   3.6270285884273473E-002   3.0619710520048935E-004
   3.6995691601958945E-002   2.9135090366765097E-004
   3.7735605433998128E-002   2.7722453160481801E-004
   3.8490317542678093E-002   2.6378308752794802E-004
   3.9260123893531652E-002   2.5099336217822591E-004
   4.0045326371402283E-002   2.3882375647322511E-004
   4.0846232898830333E-002   2.2724420343627052E-004
   4.1663157556806940E-002   2.1622609391111624E-004
   4.2496420707943079E-002   2.0574220587840300E-004
   4.3346349122101939E-002   1.9576663719926253E-004
   4.4213276104543980E-002   1.8627474161989944E-004
   4.5097541626634860E-002   1.7724306787904009E-004
   4.5999492459167561E-002   1.6864930176780325E-004
   4.6919482308350913E-002   1.6047221099884301E-004
   4.7857871954517933E-002   1.5269159274855273E-004
   4.8815029393608295E-002   1.4528822374272623E-004
   4.9791329981480462E-002   1.3824381276235367E-004
   5.0787156581110070E-002   1.3154095545221022E-004
   5.1802899712732275E-002   1.2516309132058518E-004
   5.2838957706986919E-002   1.1909446282391223E-004
   5.3895736861126656E-002   1.1332007643521264E-004
   5.4973651598349188E-002   1.0782566560016496E-004
   5.6073124630316176E-002   1.0259765548927796E-004
   5.7194587122922504E-002   9.7623129459081825E-005
   5.8338478865380954E-002   9.2889797139473798E-005
   5.9505248442688577E-002   8.8385964068373623E-005
   6.0695353411542349E-002   8.4100502798666022E-005
   6.1909260479773194E-002   8.0022825406045041E-005
   6.3147445689368656E-002   7.6142857329836793E-005
   6.4410394603156035E-002   7.2451012482169989E-005
   6.5698602495219152E-002   6.8938169563997429E-005
   6.7012574545123535E-002   6.5595649529453197E-005
   6.8352826036026007E-002   6.2415194142867979E-005
   6.9719882556746535E-002   5.9388945575463925E-005
   7.1114280207881464E-002   5.6509426991319280E-005
   7.2536565812039100E-002   5.3769524074637480E-005
   7.3987297128279880E-002   5.1162467452680916E-005
   7.5467043070845480E-002   4.8681815970941921E-005
   7.6976383932262388E-002   4.6321440779230300E-005
   7.8515911610907638E-002   4.4075510189358778E-005
   8.0086229843125786E-002   4.1938475267015417E-005
   8.1687954439988303E-002   3.9905056122225050E-005
   8.3321713528788074E-002   3.7970228864528197E-005
   8.4988147799363839E-002   3.6129213190648206E-005
   8.6687910755351122E-002   3.4377460573979813E-005
   8.8421668970458139E-002   3.2710643026719440E-005
   9.0190102349867310E-002   3.1124642406872180E-005
   9.1993904396864654E-002   2.9615540243716882E-005
   9.3833782484801953E-002   2.8179608056591151E-005
   9.5710458134497994E-002   2.6813298143077709E-005
   9.7624667297187953E-002   2.5513234813832445E-005
   9.9577160643131712E-002   2.4276206052398623E-005
  0.10156870385599436        2.3099155579401389E-005
  0.10360007793311424        2.1979175301515892E-005
  0.10567207949177652        2.0913498126552950E-005
  0.10778552108161206        1.9899491126910859E-005
  0.10994123150324431        1.8934649034502421E-005
  0.11214005613330920        1.8016588051085465E-005
  0.11438285725597538        1.7143039958704238E-005
  0.11667051440109490        1.6311846515690532E-005
  0.11900392468911680        1.5520954124379050E-005
  0.12138400318289914        1.4768408757362624E-005
  0.12381168324655713        1.4052351129751880E-005
  0.12628791691148827        1.3371012105511585E-005
  0.12881367524971804        1.2722708326524294E-005
  0.13138994875471241        1.2105838053582214E-005
  0.13401774772980665        1.1518877209031759E-005
  0.13669810268440280        1.0960375611293496E-005
  0.13943206473809086        1.0428953391954338E-005
  0.14222070603285267        9.9232975865797168E-006
  0.14506512015350972        9.4421588908228524E-006
  0.14796642255657994        8.9843485738165826E-006
  0.15092575100771152        8.5487355412217347E-006
  0.15394426602786576        8.1342435406758297E-006
  0.15702315134842307        7.7398485027378012E-006
  0.16016361437539153        7.3645760107590014E-006
  0.16336688666289936        7.0074988934294816E-006
  0.16663422439615735        6.6677349340514966E-006
  0.16996690888408050        6.3444446908806524E-006
  0.17336624706176212        6.0368294231494726E-006
  0.17683357200299737        5.7441291176493213E-006
  0.18037024344305733        5.4656206109949925E-006
  0.18397764831191848        5.2006158029327605E-006
  0.18765720127815685        4.9484599562775517E-006
  0.19141034530372000        4.7085300792789646E-006
  0.19523855220979441        4.4802333864195207E-006
  0.19914332325399031        4.2630058338422904E-006
  0.20312618971907012        4.0563107257894299E-006
  0.20718871351345153        3.8596373886086211E-006
  0.21133248778372057        3.6724999090513192E-006
  0.21555913753939498        3.4944359337455882E-006
  0.21987032029018289        3.3250055268774040E-006
  0.22426772669598655        3.1637900832581666E-006
  0.22875308122990629        3.0103912940929610E-006
  0.23332814285450443        2.8644301628943414E-006
  0.23799470571159453        2.7255460691102881E-006
  0.24275459982582642        2.5933958771528829E-006
  0.24760969182234296        2.4676530886264082E-006
  0.25256188565878984        2.3480070356603261E-006
  0.25761312337196562        2.2341621133541185E-006
  0.26276538583940495        2.1258370494376285E-006
  0.26802069355619307        2.0227642093424863E-006
  0.27338110742731692        1.9246889349676753E-006
  0.27884872957586326        1.8313689155055566E-006
  0.28442570416738056        1.7425735887738793E-006
  0.29011421825072820        1.6580835715746670E-006
  0.29591650261574276        1.5776901176725869E-006
  0.30183483266805761        1.5011946020536591E-006
  0.30787152932141876        1.4284080301900724E-006
  0.31402895990784713        1.3591505710986776E-006
  0.32030953910600407        1.2932511130394933E-006
  0.32671572988812414        1.2305468407565133E-006
  0.33325004448588663        1.1708828332163157E-006
  0.33991504537560435        1.1141116808506259E-006
  0.34671334628311645        1.0600931213571666E-006
  0.35364761320877880        1.0086936931589833E-006
  0.36072056547295439        9.5978640566605973E-007
  0.36793497678241349        9.1325042552455295E-007
  0.37529367631806176        8.6897077807847310E-007
  0.38279954984442299        8.2683806330622494E-007
  0.39045554084131145        7.8674818553018143E-007
  0.39826465165813768        7.4860209623149897E-007
  0.40622994469130042        7.1230554933475097E-007
  0.41435454358512641        6.7776886835777521E-007
  0.42264163445682895        6.4490672485143879E-007
  0.43109446714596555        6.1363792758192125E-007
  0.43971635648888485        5.8388522193465744E-007
  0.44851068361866253        5.5557509904433149E-007
  0.45748089729103580        5.2863761417935190E-007
  0.46663051523685650        5.0300621393209398E-007
  0.47596312554159365        4.7861757178795543E-007
  0.48548238805242555        4.5541143166697315E-007
  0.49519203581347410        4.3333045905144391E-007
  0.50509587652974364        4.1232009933173735E-007
  0.51519779406033850        3.9232844302032073E-007
  0.52550174994154530        3.7330609750098407E-007
  0.53601178494037627        3.5520606499640454E-007
  0.54673202063918380        3.3798362645254507E-007
  0.55766666105196749        3.2159623105300812E-007
  0.56881999427300689        3.0600339109037024E-007
  0.58019639415846702        2.9116658193476133E-007
  0.59180032204163635        2.7704914685254283E-007
  0.60363632848246906        2.6361620643992655E-007
  0.61570905505211848        2.5083457244777342E-007
  0.62802323615316091        2.3867266578466288E-007
  0.64058370087622418        2.2710043849564661E-007
  0.65339537489374866        2.1608929952392219E-007
  0.66646328239162367        2.0561204407200850E-007
  0.67979254803945610        1.9564278638789963E-007
  0.69338839900024518        1.8615689581013286E-007
  0.70725616698025007        1.7713093591376088E-007
  0.72140129031985512        1.6854260660687828E-007
  0.73582931612625224        1.6037068903464252E-007
  0.75054590244877728        1.5259499315466514E-007
  0.76555682049775287        1.4519630785425094E-007
  0.78086795690770794        1.3815635348624079E-007
  0.79648531604586215        1.3145773670619062E-007
  0.81241502236677943        1.2508390749930434E-007
  0.82866332281411503        1.1901911829094898E-007
  0.84523658927039735        1.1324838503972774E-007
  0.86214132105580532        1.0775745021698538E-007
  0.87938414747692140        1.0253274758128065E-007
  0.89697183042645989        9.7561368660795331E-008
  0.91491126703498915        9.2831030860869610E-008
  0.93320949237568895        8.8330047117867847E-008
  0.95187368222320279        8.4047297024400032E-008
  0.97091115586766685        7.9972199354559049E-008
  0.99032937898502016        7.6094685921292911E-008
   1.0101359665647205        7.2405176701322206E-008
   1.0303386858960148        6.8894556166145182E-008
   1.0509454596139352        6.5554150760652124E-008
   1.0719643688062139        6.2375707473706403E-008
   1.0934036561823381        5.9351373447747323E-008
   1.1152717293059848        5.6473676577037016E-008
   1.1375771638921046        5.3735507046616244E-008
   1.1603287071699466        5.1130099766358125E-008
   1.1835352813133455        4.8651017656720121E-008
   1.2072059869396123        4.6292135744899265E-008
   1.2313501066784045        4.4047626032097511E-008
   1.2559771088119727        4.1911943094509207E-008
   1.2810966509882122        3.9879810382455906E-008
   1.3067185840079765        3.7946207183818059E-008
   1.3328529556881361        3.6106356219554593E-008
   1.3595100148018988        3.4355711840663515E-008
   1.3867002150979368        3.2689948797421672E-008
   1.4144342193998956        3.1104951553156700E-008
   1.4427229037878935        2.9596804116148861E-008
   1.4715773618636514        2.8161780364540958E-008
   1.5010089091009244        2.6796334840352393E-008
   1.5310290872829428        2.5497093989852506E-008
   1.5616496690286017        2.4260847828651157E-008
   1.5928826624091739        2.3084542010913779E-008
   1.6247403156573574        2.1965270283106630E-008
   1.6572351219705046        2.0900267303627957E-008
   1.6903798244099146        1.9886901810584897E-008
   1.7241874208981129        1.8922670120835931E-008
   1.7586711693160753        1.8005189944237253E-008
   1.7938445927023967        1.7132194497810177E-008
   1.8297214845564447        1.6301526905287596E-008
   1.8663159142475736        1.5511134868202788E-008
   1.9036422325325251        1.4759065595354530E-008
   1.9417150771831757        1.4043460978120989E-008
   1.9805493787268393        1.3362552999702250E-008
   2.0201603663013761        1.2714659366949200E-008
   2.0605635736274035        1.2098179353986567E-008
   2.1017748450999516        1.1511589847361080E-008
   2.1438103420019505        1.0953441582943637E-008
   2.1866865488419895        1.0422355565288196E-008
   2.2304202798188295        9.9170196606007423E-009
   2.2750286854152062        9.4361853549008380E-009
   2.3205292591235103        8.9786646693661150E-009
   2.3669398443059806        8.5433272252387306E-009
   2.4142786411921002        8.1290974510420408E-009
   2.4625642140159423        7.7349519252075291E-009
   2.5118154982962611        7.3599168475465039E-009
   2.5620518082621864        7.0030656333194374E-009
   2.6132928444274302        6.6635166239586908E-009
   2.6655587013159789        6.3404309087886071E-009
   2.7188698753422984        6.0330102523611797E-009
   2.7732472728491446        5.7404951222864256E-009
   2.8287122183061277        5.4621628126849447E-009
   2.8852864626722505        5.1973256586262900E-009
   2.9429921919256956        4.9453293371416864E-009
   3.0018520357642098        4.7055512506134331E-009
   3.0618890764794942        4.4773989885469308E-009
   3.1231268580090843        4.2603088639248509E-009
   3.1855893951692660        4.0537445205273131E-009
   3.2493011830726513        3.8571956077772023E-009
   3.3142872067341043        3.6701765198366294E-009
   3.3805729508687863        3.4922251958392709E-009
   3.4481844098861623        3.3229019782943555E-009
   3.5171480980838856        3.1617885268418227E-009
   3.5874910600455636        3.0084867846748790E-009
   3.6592408812464750        2.8626179950763658E-009
   3.7324256988714044        2.7238217656391018E-009
   3.8070742128488324        2.5917551778582290E-009
   3.8832156971058089        2.4660919398956550E-009
   3.9608800110479252        2.3465215804233584E-009
   4.0400976112688838        2.2327486815538237E-009
   4.1208995634942616        2.1244921489624304E-009
   4.2033175547641468        2.0214845173985164E-009
   4.2873839058594294        1.9234712898692752E-009
   4.3731315839766181        1.8302103088638215E-009
   4.4605942156561502        1.7414711580639494E-009
   4.5498060999692731        1.6570345930633951E-009
   4.6408022219686584        1.5766919996891175E-009
   4.7336182664080315        1.5002448785862853E-009
   4.8282906317361922        1.4275043547935574E-009
   4.9248564443709162        1.3582907110969818E-009
   5.0233535732583343        1.2924329440095882E-009
   5.1238206447235015        1.2297683412796495E-009
   5.2262970576179715        1.1701420798837830E-009
   5.3308229987703308        1.1134068435116613E-009
   5.4374394587457378        1.0594224585972701E-009
   5.5461882479206528        1.0080555479974730E-009
   5.6571120128790655        9.5917920146223399E-010
   5.7702542531366472        9.1267266208234269E-010
   5.8856593381993800        8.6842102793996730E-010
   6.0033725249633676        8.2631496822490383E-010
   6.1234399754626354        7.8625045311515018E-010
   6.2459087749718885        7.4812849675442640E-010
   6.3708269504713266        7.1185491269162744E-010
   6.4982434894807533        6.7734008117798192E-010
   6.6282083592703680        6.4449872774698513E-010
   6.7607725264557752        6.1324971253005637E-010
   6.8959879769848911        5.8351582978738615E-010
   7.0339077365245890        5.5522361715868543E-010
   7.1745858912550808        5.2830317416255687E-010
   7.3180776090801825        5.0268798949606595E-010
   7.4644391612617866        4.7831477670782175E-010
   7.6137279444870227        4.5512331783857725E-010
   7.7660025033767637        4.3305631464303308E-010
   7.9213225534442993        4.1205924702526758E-010
   8.0797490045131859        3.9208023833803268E-010
   8.2413439846034500        3.7306992721311745E-010
   8.4061708642955200        3.5498134560611390E-010
   8.5742942815814303        3.3776980275427750E-010
   8.7457801672130593        3.2139277476077747E-010
   8.9206957705573213        3.0580979953254203E-010
   9.0991096859684681        2.9098237681212059E-010
   9.2810918796878372        2.7687387305657916E-010
   9.4667137172815945        2.6344943092841459E-010
   9.6560479916272257        2.5067588317487254E-010
   9.8491689514597702        2.3852167068289091E-010
   10.046152330488965        2.2695676450721418E-010
   10.247075377098744        2.1595259167903281E-010
   10.452016884640718        2.0548196461184872E-010
   10.661057222333532        1.9551901393015111E-010
   10.874278366780203        1.8603912455494547E-010
   11.091763934115807        1.7701887488822484E-010
   11.313599212798124        1.6843597894612865E-010
   11.539871197054087        1.6026923129781961E-010
   11.770668620995169        1.5249845467404142E-010
   12.006081993415073        1.4510445011591596E-010
   12.246203633283374        1.3806894954081410E-010
   12.491127705949042        1.3137457060810648E-010
   12.740950260068024        1.2500477377328345E-010
   12.995769265269384        1.1894382142433857E-010
   13.255684650574771        1.1317673899945601E-010
   13.520798343586266        1.0768927798993673E-010
   13.791214310457992        1.0246788073695611E-010
   14.067038596667151        9.7499646935177974E-011
   14.348379368600495        9.2772301760466218E-011
   14.635346955972505        8.8274165542949272E-011
   14.928053895091955        8.3994124910508760E-011
   15.226614972993794        7.9921605331398729E-011
   15.531147272453669        7.6046544988156752E-011
   15.841770217902743        7.2359369918258575E-011
   16.158605622260797        6.8850970360097290E-011
   16.481777734706014        6.5512678245845610E-011
   16.811413289400136        6.2336245785594300E-011
   17.147641555188137        5.9313825089854838E-011
   17.490594386291900        5.6437948780080702E-011
   17.840406274017738        5.3701511539302552E-011
   18.197214399498094        5.1097752557294854E-011
   18.561158687488057        4.8620238826902167E-011
   18.932381861237818        4.6262849250255817E-011
   19.311029498462574        4.4019759515612834E-011
   19.697250088431826        4.1885427707453011E-011
   20.091195090200461        3.9854580614281394E-011
   20.493018992004473        3.7922200700307508E-011
   20.902879371844563        3.6083513708812694E-011
   21.320936959281454        3.4333976866577681E-011
   21.747355698467082        3.2669267660227530E-011
   22.182302812436426        3.1085273156764140E-011
   22.625948868685153        2.9578079841900917E-011
   23.078467846058857        2.8143963951093528E-011
   23.540037202980034        2.6779382269378125E-011
   24.010837947039636        2.5480963377286424E-011
   24.491054705980428        2.4245499321209315E-011
   24.980875800100037        2.3069937687629269E-011
   25.480493316102038        2.1951374061639710E-011
   25.990103182424079        2.0887044851118807E-011
   26.509905246072559        1.9874320458828744E-011
   27.040103350994013        1.8910698785570964E-011
   27.580905418013895        1.7993799048345950E-011
   28.132523526374172        1.7121355898244247E-011
   28.695173996901655        1.6291213823536034E-011
   29.269077476839687        1.5501321824131229E-011
   29.854459026376482        1.4749728344252475E-011
   30.451548206904011        1.4034576450801327E-011
   31.060579171042093        1.3354099245505101E-011
   31.681790754462934        1.2706615499509270E-011
   32.315426569552194        1.2090525499630000E-011
   32.961735100943237        1.1504307096004347E-011
   33.620969802962101        1.0946511941373116E-011
   34.293389199021341        1.0415761912705025E-011
   34.979256983001768        9.9107457063211352E-012
   35.678842122661806        9.4302155981072945E-012
   36.392418965115041        8.9729843608101743E-012
   37.120267344417343        8.5379223308005545E-012
   37.862672691305690        8.1239546170568538E-012
   38.619926145131807        7.7300584454732365E-012
   39.392324668034441        7.3552606319309733E-012
   40.180171161395130        6.9986351778898595E-012
   40.983774584623035        6.6593009825592666E-012
   41.803450076315499        6.3364196659962986E-012
   42.639519077841811        6.0291934977527236E-012
   43.492309459398648        5.7368634259530371E-012
   44.362155648586622        5.4587072019341953E-012
   45.249398761558353        5.1940375958136298E-012
   46.154386736789519        4.9422006985768076E-012
   47.077474471525314        4.7025743064893865E-012
   48.019023960955820        4.4745663838423850E-012
   48.979404440174939        4.2576136002323276E-012
   49.958992528978442        4.0511799387624881E-012
   50.958172379558015        3.8547553717265638E-012
   51.977335827149176        3.6678546005028380E-012
   53.016882543692162        3.4900158565455470E-012
   54.077220194566003        3.3207997605110975E-012
   55.158764598457324        3.1597882367004205E-012
   56.261939890426468        3.0065834801354287E-012
   57.387178688234997        2.8608069737175567E-012
   58.534922261999697        2.7220985530401293E-012
   59.705620707239689        2.5901155165440130E-012
   60.899733121384486        2.4645317788180609E-012
   62.117727783812178        2.3450370649524279E-012
   63.360082339488422        2.2313361439542898E-012
   64.627283986278186        2.1231480993319834E-012
   65.919829666003750        2.0202056350454371E-012
   67.238226259323824        1.9222544151081295E-012
   68.582990784510301        1.8290524352089480E-012
   69.954650600200509        1.7403694248014501E-012
   71.353743612204525        1.6559862781832791E-012
   72.780818484448616        1.5756945131601377E-012
   74.236434854137585        1.4992957559568463E-012
   75.721163551220343        1.4266012511028892E-012
   77.235586822244755        1.3574313950815364E-012
   78.780298558689651        1.2916152925903425E-012
   80.355904529863452        1.2289903343166950E-012
   81.963022620460720        1.1694017951852453E-012
   83.602283072869938        1.1127024520846126E-012
   85.274328734327341        1.0587522201289082E-012
   86.979815309013887        1.0074178065553974E-012
   88.719411615194161        9.5857238140319581E-013
   90.493799847498053        9.1209526415936512E-013
   92.303675844448023        8.6787162559821339E-013
   94.149749361336987        8.2579220407714246E-013
   96.032744348563725        7.8575303558811135E-013
   97.953399235535002        7.4765519689776061E-013
   99.912467220245702        7.1140456114158595E-013
   101.91071656465061        6.7691156526831369E-013
   103.94893089594363        6.4409098875991633E-013
   106.02790951386251        6.1286174308055660E-013
   108.14846770413976        5.8314667133426116E-013
   110.31143705822255        5.5487235763634570E-013
   112.51766579938700        5.2796894572761307E-013
   114.76801911537474        5.0236996638318069E-013
   117.06337949768223        4.7801217318952383E-013
   119.40464708763588        4.5483538628399449E-013
   121.79274002938860        4.3278234367074989E-013
   124.22859482997637        4.1179855974574175E-013
   126.71316672657591        3.9183219068123082E-013
   129.24743006110742        3.7283390633723572E-013
   131.83237866232957        3.5475676838345362E-013
   134.46902623557617        3.3755611433053354E-013
   137.15840676028770        3.2118944718418153E-013
   139.90157489549347        3.0561633044947215E-013
   142.69960639340334        2.9079828822595565E-013
   145.55359852127143        2.7669871014673067E-013
   148.46467049169686        2.6328276092661957E-013
   151.43396390153080        2.5051729429596887E-013
   154.46264317956141        2.3837077110743623E-013
   157.55189604315265        2.2681318141343210E-013
   160.70293396401570        2.1581597032169691E-013
   163.91699264329603        2.0535196744582696E-013
   167.19533249616194        1.9539531977644620E-013
   170.53923914608518        1.8592142780717006E-013
   173.95002392900687        1.7690688475755184E-013
   177.42902440758701        1.6832941874285024E-013
   180.97760489573875        1.6016783774774065E-013
   184.59715699365353        1.5240197726801816E-013
   188.28910013352660        1.4501265049093267E-013
   192.05488213619714        1.3798160089106860E-013
   195.89597977892109        1.3129145712465002E-013
   199.81389937449953        1.2492569011082964E-013
   203.81017736198953        1.1886857219392476E-013
   207.88638090922933        1.1310513828570332E-013
   212.04410852741393        1.0762114889171601E-013
   216.28499069796220        1.0240305493032521E-013
   220.61069051192146        9.7437964257510150E-014
   225.02290432215989        9.2713609814742602E-014
   229.52336240860308        8.8218319321237295E-014
   234.11382965677515        8.3940986435696744E-014
   238.79610624991065        7.9871043316301088E-014
   243.57202837490885        7.5998434511147796E-014
   248.44346894240704        7.2313592114633487E-014
   253.41233832125519        6.8807412128397599E-014
   258.48058508768031        6.5471231968423895E-014
   263.65019678943395        6.2296809062727263E-014
   268.92320072522261        5.9276300486748356E-014
   274.30166473972707        5.6402243586141372E-014
   279.78769803452161        5.3667537539081222E-014
   285.38345199521206        5.1065425812536086E-014
   291.09112103511632        4.8589479469161237E-014
   296.91294345581866        4.6233581283570789E-014
   302.85120232493506        4.3991910628744306E-014
   308.90822637143378        4.1858929095227484E-014
   315.08639089886248        3.9829366807596995E-014
   321.38811871683976        3.7898209404381985E-014
   327.81588109117655        3.6060685649274110E-014
   334.37219871300010        3.4312255643017480E-014
   341.05964268726012        3.2648599606854228E-014
   347.88083554100535        3.1065607209813337E-014
   354.83845225182546        2.9559367413473987E-014
   361.93522129686198        2.8126158809113388E-014
   369.17392572279925        2.6762440423365410E-014
   376.55740423725524        2.5464842969673917E-014
   384.08855232200034        2.4230160523926038E-014
   391.77032336844036        2.3055342603698834E-014
   399.60572983580920        2.1937486631549688E-014
   407.59784443252539        2.0873830763729903E-014
   415.74980132117588        1.9861747066603562E-014
   424.06479734759938        1.8898735023913013E-014
   432.54609329455138        1.7982415358849525E-014
   441.19701516044239        1.7110524155665610E-014
   450.02095546365126        1.6280907266305468E-014
   459.02137457292429        1.5491514988234260E-014
   468.20180206438278        1.4740397000316904E-014
   477.56583810567042        1.4025697544234651E-014
   487.11715486778382        1.3345650839534419E-014
   496.85949796513950        1.2698576720982942E-014
   506.79668792444227        1.2082876487447161E-014
   516.93262168293109        1.1497028952044835E-014
   527.27127411658967        1.0939586683806627E-014
   537.81669959892145        1.0409172431564089E-014
   548.57303359089985        9.9044757212281818E-015
   559.54449426271788        9.4242496180513488E-015
   570.73538414797224        8.9673076458738084E-015
   582.15009183093173        8.5325208557425476E-015
   593.79309366755035        8.1188150366605670E-015
   605.66895554090138        7.7251680615750945E-015
   617.78233465171945        7.3506073620475968E-015
   630.13798134475383        6.9942075253663543E-015
   642.74074097164896        6.6550880081648652E-015
   655.59555579108201        6.3324109608972296E-015
   668.70746690690362        6.0253791577955048E-015
   682.08161624504169        5.7332340271946666E-015
   695.72324856994248        5.4552537773587783E-015
   709.63771354134133        5.1907516131779119E-015
   723.83046781216819        4.9390740393298951E-015
   738.30707716841152        4.6995992457145559E-015
   753.07321871177976        4.4717355711714257E-015
   768.13468308601534        4.2549200416852681E-015
   783.49737674773564        4.0486169794678420E-015
   799.16732428269040        3.8523166794793929E-015
   815.15067076834418        3.6655341501200191E-015
   831.45368418371106        3.4878079149795836E-015
   848.08275786738534        3.3186988726856954E-015
   865.04441302473310        3.1577892120328470E-015
   882.34530128522783        3.0046813797123355E-015
   899.99220731093237        2.8589970980925997E-015
   917.99205145715109        2.7203764306232227E-015
   936.35189248629410        2.5884768925535498E-015
   955.07893033601999        2.4629726047687819E-015
   974.18050894274040        2.3435534886529886E-015
   993.66411912159526        2.2299244999897958E-015
   1013.5374015040272        2.1218049000079953E-015
   1033.8081495341078        2.0189275617710557E-015
   1054.4843125247899        1.9210383101968804E-015
   1075.5739987752856        1.8278952940772087E-015
   1097.0854787507915        1.7392683885451386E-015
   1119.0271883258074        1.6549386265144722E-015
   1141.4077320923236        1.5746976576861579E-015
   1164.2358867341702        1.4983472337852206E-015
   1187.5206044688537        1.4256987187563767E-015
   1211.2710165582307        1.3565726227081875E-015
   1235.4964368893955        1.2907981584542887E-015
   1260.2063656271835        1.2282128195560606E-015
   1285.4104929397272        1.1686619788242204E-015
   1311.1187027985218        1.1119985062873733E-015
   1337.3410768544923        1.0580824056836529E-015
   1364.0878983915820        1.0067804685773423E-015
   1391.3696563594137        9.5796594524591536E-016
   1419.1970494866021        9.1151823152437469E-016
   1447.5809904763341        8.6732257083317881E-016
   1476.5326102858608        8.2526977065357672E-016
   1506.0632624915779        7.8525593274985158E-016
   1536.1845277414095        7.4718219647194695E-016
   1566.9082182962377        7.1095449450426179E-016
   1598.2463826621624        6.7648332045715130E-016
   1630.2113103154056        6.4368350772693467E-016
   1662.8155365217137        6.1247401907804242E-016
   1696.0718472521480        5.8277774642743620E-016
   1729.9932841971911        5.5452132033663431E-016
   1764.5931498811349        5.2763492874066280E-016
   1799.8850128787576        5.0205214446607089E-016
   1835.8827131363328        4.7770976111186974E-016
   1872.6003673990595        4.5454763688790921E-016
   1910.0523747470406        4.3250854602486947E-016
   1948.2534222419815        4.1153803738875502E-016
   1987.2184906868213        3.9158429995057220E-016
   2026.9628605005578        3.7259803477881276E-016
   2067.5021177105691        3.5453233323848039E-016
   2108.8521600647805        3.3734256109573106E-016
   2151.0292032660764        3.2098624824178750E-016
   2194.0497873313980        3.0542298376367628E-016
   2237.9307830780258        2.9061431610253903E-016
   2282.6893987395865        2.7652365805284500E-016
   2328.3431867143781        2.6311619636779036E-016
   2374.9100504486655        2.5035880574754812E-016
   2422.4082514576389        2.3821996699786391E-016
   2470.8564164867917        2.2666968915679595E-016
   2520.2735448165276        2.1567943539719821E-016
   2570.6790157128580        2.0522205252188010E-016
   2622.0925960271152        1.9527170387724605E-016
   2674.5344479476576        1.8580380551966978E-016
   2728.0251369066109        1.7679496547689033E-016
   2782.5856396447430        1.6822292595436608E-016
   2838.2373524376380        1.6006650834379794E-016
   2895.0020994863908        1.5230556089795654E-016
   2952.9021414761187        1.4492090894253554E-016
   3011.9601843056412        1.3789430750202145E-016
   3072.1993879917541        1.3120839622253456E-016
   3133.6433757515892        1.2484665648027021E-016
   3196.3162432666213        1.1879337056957058E-016
   3260.2425681319537        1.1303358286979396E-016
   3325.4474194945929        1.0755306289503797E-016
   3391.9563678844847        1.0233827013542563E-016
   3459.7954952421746        9.7376320603088403E-017
   3528.9914051470182        9.2654955000193019E-017
   3599.5712332499588        8.8162508430365891E-017
   3671.5626579149580        8.3887881578682402E-017
   3744.9939110732571        7.9820513289016399E-017
   3819.8937892947224        7.5950354470998140E-017
   3896.2916650806169        7.2267843272113236E-017
   3974.2174983822292        6.8763881453601387E-017
   4053.7018483498737        6.5429811911788042E-017
   4134.7758853168716        6.2257397289311202E-017
   4217.4714030232089        5.9238799623399575E-017
   4301.8208310836735        5.6366560980919368E-017
   4387.8572477053467        5.3633585032345932E-017
   4475.6143926594541        5.1033119519135198E-017
   4565.1266805126434        4.8558739571178410E-017
   4656.4292141228962        4.6204331833122586E-017
   4749.5577984053543        4.3964079360338659E-017
   4844.5489543734611        4.1832447247220170E-017
   4941.4399334609307        3.9804168952304836E-017
   5040.2687321301491        3.7874233286433237E-017
   5141.0741067727522        3.6037872031796456E-017
   5243.8955889082072        3.4290548161283810E-017
   5348.7735006863713        3.2627944629024471E-017
   5455.7489707000987        3.1045953704428327E-017
   5564.8639501141006        2.9540666823373989E-017
   5676.1612291163829        2.8108364931469817E-017
   5789.6844536987110        2.6745509295529269E-017
   5905.4781427726857        2.5448732760558960E-017
   6023.5877056281397        2.4214831430658341E-017
   6144.0594597407026        2.3040756753277339E-017
   6266.9406489355169        2.1923607987274849E-017
   6392.2794619142278        2.0860625036169183E-017
   6520.1250511525122        1.9849181628873885E-017
   6650.5275521755630        1.8886778831070743E-017
   6783.5381032190744        1.7971038871188938E-017
   6919.2088652834564        1.7099699265736271E-017
   7057.5930425891256        1.6270607229468247E-017
   7198.7449034409083        1.5481714356584366E-017
   7342.7198015097265        1.4731071559810726E-017
   7489.5741975399214        1.4016824254865062E-017
   7639.3656814907199        1.3337207778406712E-017
   7792.1529951205348        1.2690543028150777E-017
   7947.9960550229453        1.2075232314374697E-017
   8106.9559761234041        1.1489755412567717E-017
   8269.0950956458728        1.0932665807470666E-017
   8434.4769975587897        1.0402587119226359E-017
   8603.1665375099656        9.8982097028108118E-018
   8775.2298682601649        9.4182874123436768E-018
   8950.7344656253681        8.9616345222835482E-018
   9129.7491549378756        8.5271227979014791E-018
   9312.3441380366330        8.1136787077948332E-018
   9498.5910207973666        7.7202807715545490E-018
   9688.5628412133137        7.3459570360327921E-018
   9882.3340980375797        6.9897826739756949E-018
   10079.980779998332        6.6508776990882348E-018
   10281.580395598299        6.3284047918859547E-018
   10487.212003510265        6.0215672309619181E-018
   10696.956243580471        5.7296069245577769E-018
   10910.895368452080        5.4518025375756282E-018
   11129.113275821122        5.1874677094031312E-018
   11351.695541337545        4.9359493581487536E-018
   11578.729452164296        4.6966260670974607E-018
   11810.304041207582        4.4689065494003366E-018
   12046.510122031734        4.2522281872049248E-018
   12287.440324472369        4.0460556416169296E-018
   12533.189130961817        3.8498795300590123E-018
   12783.852913581053        3.6632151677588499E-018
   13039.529971852675        3.4856013702571118E-018
   13300.320571289729        3.3165993139767586E-018
   13566.326982715524        3.1557914520385078E-018
   13837.653522369834        3.0027804826438265E-018
   14114.406592817231        2.8571883674766561E-018
   14396.694724673576        2.7186553976986911E-018
   14684.628619167048        2.5868393052305872E-018
   14978.321191550389        2.4614144171233843E-018
   15277.887615381396        2.3420708509308814E-018
   15583.445367689024        2.2285137490949935E-018
   15895.114275042804        2.1204625504525300E-018
   16213.016560543661        2.0176502970635179E-018
   16537.276891754536        1.9198229746484910E-018
   16868.022429589626        1.8267388850051808E-018
   17205.382878181419        1.7381680488540622E-018
   17549.490535745048        1.6538916376374007E-018
   17900.480346459950        1.5737014328679477E-018
   18258.489953389148        1.4973993116915374E-018
   18623.659752456930        1.4247967573925677E-018
   18996.132947506070        1.3557143936330068E-018
   19376.055606456193        1.2899815412741752E-018
   19763.576718585318        1.2274357966863611E-018
   20158.848252957025        1.1679226305044211E-018
   20562.025218016166        1.1112950058380217E-018
   20973.265722376491        1.0574130149932510E-018
   21392.731036824021        1.0061435338080615E-018
   21820.585657560503        9.5735989274752297E-019
   22256.997370711713        9.1094156394627645E-019
   22702.137318125948        8.6677386342497261E-019
   23156.180064488468        8.2474766774497674E-019
   23619.303665778236        7.8475914440128610E-019
   24091.689739093799        7.4670949528755365E-019
   24573.523533875676        7.1050471259940805E-019
   25064.994004553191        6.7605534657298699E-019
   25566.293884644256        6.4327628448484745E-019
   26077.619762337141        6.1208654036723312E-019
   26599.172157583886        5.8240905491915964E-019
   27131.155600735565        5.5417050511896402E-019
   27673.778712750278        5.2730112306793540E-019
   28227.254287005286        5.0173452361745156E-019
   28791.799372745390        4.7740754035374633E-019
   29367.635360200300        4.5426006953508015E-019
   29954.988067404305        4.3223492159573849E-019
   30554.087828752392        4.1127767984997081E-019
   31165.169585327440        3.9133656604677911E-019
   31788.472977033987        3.7236231244338459E-019
   32424.242436574666        3.5430804008131083E-019
   33072.727285306159        3.3712914296434465E-019
   33734.181831012284        3.2078317785221676E-019
   34408.865467632531        3.0522975939772148E-019
   35097.042776985181        2.9043046036819203E-019
   35798.983632524883        2.7634871670481568E-019
   36514.963305175384        2.6294973718521964E-019
   37245.262571278894        2.5020041746613689E-019
   37990.167822704476        2.3806925829377830E-019
   38749.971179158565        2.2652628767983820E-019
   39524.970602741734        2.1554298685085571E-019
   40315.470014796570        2.0509221978797815E-019
   41121.779415092504        1.9514816618304345E-019
   41944.215003394354        1.8568625764533771E-019
   42783.099303462244        1.7668311700141755E-019
   43638.761289531489        1.6811650053802678E-019
   44511.536515322121        1.5996524304540997E-019
   45401.767245628565        1.5220920552524261E-019
   46309.802590541134        1.4482922543398297E-019
   47235.998642351959        1.3780706933871248E-019
   48180.718615198995        1.3112538786849502E-019
   49144.332987502974        1.2476767284995292E-019
   50127.219647253034        1.1871821652115845E-019
   51129.764040198097        1.1296207272307058E-019
   52152.359321002063        1.0748501997263470E-019
   53195.406507422107        1.0227352632631155E-019
   54259.314637570547        9.7314715947224923E-020
   55344.500930321956        9.2596337293326731E-020
   56451.390948928398        8.8106732847983313E-020
   57580.418767906966        8.3834810318197698E-020
   58732.027143265106        7.9770015229307849E-020
   59906.667686130408        7.5902304848452191E-020
   61104.801039853017        7.2222123372375814E-020
   62326.897060650081        6.8720378318274981E-020
   63573.435001863087        6.5388418059349652E-020
   64844.903701900352        6.2218010449561969E-020
   66141.801775938366        5.9201322484789639E-020
   67464.637811457127        5.6330900950124107E-020
   68813.930567686271        5.3599654005498965E-020
   70190.209179040001        5.1000833664153777E-020
   71594.013362620797        4.8528019120642613E-020
   73025.893629873215        4.6175100887197013E-020
   74486.411502470684        4.3936265699249664E-020
   75976.139732520096        4.1805982152825240E-020
   77495.662527170498        3.9778987038313319E-020
   79045.575777713908        3.7850272336858918E-020
   80626.487293268190        3.6015072847242960E-020
   82239.017039133556        3.4268854412682893E-020
   83883.797379916228        3.2607302718465982E-020
   85561.473327514555        3.1026312632737900E-020
   87272.702794064855        2.9521978064111353E-020
   89018.156849946157        2.8090582311036379E-020
   90798.519986945088        2.6728588879088793E-020
   92614.490386683989        2.5432632743489444E-020
   94466.780194417675        2.4199512035266942E-020
   96356.115798306026        2.3026180130523172E-020
   98283.238114272142        2.1909738123256812E-020
